ti "Rechendurchlauf 1"   'Titel

gx 3405540   
gy 5758268

dd 500    'Zellgroesse
nx 42     'Zellanzahl in x-Richtung
ny 50     'Zellanzahl in y-Richtung
x0 -10500  'Linker Rand des Gebiets in lokalen Koordinaten
y0 -12500   'Unterer Rand des Gebiets in lokalen Koordinaten

qs 0



xp 
yp 
hp



xq -196.4 -1558.4 -4307.8 -4457.6 -5262.3 -3481.3 -3144.4 -4388.6 -2418.4 -1496.5 76.8 1646.1 176.7 3315.3 391.6 506.6 -709.2 -1117.7 -2317.1 -722.8 926.4 1577.1 76.8 -1243.2 -1102.7 -1400.9 -5502.7 -4330.1 -2845.5 4607.2 2800.1 -433.2 -368.4 184.7 -240.8 -257.2 -230.8 -297.8 -452.2 -987.9 -683.0 833.0 7517.1 5670.8 3558.1 6088.0 3608.1 -469.7 1673.3 910.1 572.5 -3.2 2448.1 -2149.3 3594.5 2473.0 689.8 988.2 4229.9 -3197.4 4194.2 -89.5 -884.6 -3392.2 -2841.8 6492.0 4094.6 -6699.1 3874.0 -5080.6 -2383.4 -755.1 -6841.6 -4946.1 -1886.4 910 910 820 860 890 910 830 870 910 840 1160 1160 3744.2 -1730.0 -7368.1 6624.7 7078.2 6965.7 -6713.0 -2488.1 4838.1 8620.3 -513.2 -2598.3 634.5 1486.0 986.2 7293.4 4271.8 7576.7 4271.8 3900.9 909.3 2780.6 7101.8 7542.8 2780.6 1617.7 331.6 558.0 131.0 -3656.5 -6978.0 -1135.1 3060.0 -4355.8 -4009.7 -2920.7 -1950.2 -1417.5 -321.7 62.0 1059.1 1739.7 2148.6 2507.8 2537.2 2537.2 2133.3 983.3 1312.7 2361.6 2829.1 2860.1 2860.1 2794.9 2703.1 2582.1 2596.1 2866.7 3098.3 3349.3 3744.5 4066.3 1320.6 1880.0 3265.3 -3522.3 6262.6 4264.4 -5767.9 -4851.2 5593.4 1555.7 -7889.8 3059.3 -5644.3 -1936.2 -7642.5 6097.8 -1400.3 -4686.4 -3439.8 2060.2 -2935.3 556.6 -7725.0 -5520.6 -3481.1 -401.2 -4438.9 -1317.8 -318.7 -4521.4 -1019.5 2472.4 4511.8 3430.2 -7683.8 -3852.1 5222.3 -2688.1 -442.5 -6437.2 2266.2 2431.1 -978.3 -854.7 -2523.2 -4768.8 -7848.6 2142.6 -1276.5 5139.9 2637.4 5510.9 3595.2 3141.7 5428.4 -2018.6 -3646.0 2183.8 2307.4 4223.2 4470.5 -7807.4 -2811.7 -6808.3 -1441.6 3306.5 -2729.3 1143.5 -6643.4 2389.9 5181.1 4182.0 5469.6 -2976.5 -277.4 -483.7 -1977.4 6221.4 -6725.8 5552.1 -6849.5 -813.5 -5438.1 1061.1 515.4 1473.3 -2440.7 -895.9 -1689.0 -4562.7 -4645.1 3100.5 -1812.6 -5685.5 144.4 -1524.1 -937.1 3389.0 -524.9 4140.8 -3769.7 -5479.3 2225.0 3347.8 2554.8 2101.4 -1565.3 1514.5 185.6 6180.1 474.2 1184.7 1308.3 -2481.9 1432.0 -4480.2 2348.7 6138.9 -4810.0 3182.9 62.0 -2646.9 -2564.4 -3563.5 2513.6 -4603.9 -1647.8 -6684.6 -3604.8 3224.1 -1482.8 -1730.2 103.2 -772.3 2596.1 -2605.6 -731.1 432.9 -3810.9 -566.2 1102.3 -1771.4 1390.8 1349.6 -2770.5 268.0 -1606.5 -648.6 -689.9 226.8 -607.4 1267.1 391.7 350.5 1225.9 309.2 7138.0 7179.2 8178.3 1160 714 744 712 -3797 -3795 -3793 -440 -440 -1370 -1410 5560 4790 4790 4823 4823 4823 4825 4837 4840 4848 4821 1160 1983 1996 1985 1924 1860 1850 1838 1830 1696 1743 1746 1760 840 840 710 890 750 940 880 910 810 840 910 840 910 880 790 840 820 910 790 810 790 830 870 840 635 627 -101 -1440 -1370 1154 -3440 1960 1894 3180 1060 3360 1375 940 864 944 897 2330 -4390 1060

yq 11626.9 8547.7 4414.4 -3742.7 504.5 -6933.2 -11837.4 -3757.8 -3517.8 -1648.7 -1533.9 -869.2 -2048.4 -3008.2 -2848.3 -3463.0 2685.6 2604.2 3818.7 2679.2 2454.3 1915.1 2719.2 -92.2 2584.2 2099.1 4655.5 4396.6 4250.4 -601.8 192.5 1791.6 1288.5 593.5 778.5 526.0 528.8 262.3 -34.2 -1049.6 4814.3 1285.4 3232.2 2759.3 -164.7 -1470.9 6226.1 -55.3 856.1 -1347.1 -4102.0 -938.8 -1812.6 -2227.3 2437.0 -1911.1 -2791.9 -64.9 2347.6 8647.5 9383.1 11576.8 -1175.6 -2765.9 4420.8 -1525.7 8285.7 3688.4 485.0 995.8 -3375.7 -5097.1 -4570.5 -7753.5 -9735.4 -1098 -1138 -1118 -1168 -1148 -1098 -1128 -1028 -1078 -1038 -1018 -1018 -6278.6 -11762.9 -2743.7 2940.6 -5911.2 6025.8 3455.7 -11911.3 -9054.4 -6377.1 -7968.5 -3141.0 8801.9 1734.4 5027.0 7934.7 1702.5 3116.9 1702.5 -120.2 970.1 -2162.9 -4391.9 -5935.3 -2162.9 -4423.4 -1805.1 -3069.0 -2003.8 -3039.7 -131.7 -3258.0 -8444.4 -8632.2 -8289.8 -7506.5 -6885.7 -6923.9 -6612.8 -6628.6 -6718.4 -6874.0 -6714.6 -5728.7 -6211.5 -6211.5 -4938.0 -1662.6 -568.8 597.0 1097.0 1262.4 1262.4 2265.8 3270.4 4276.2 6277.2 7266.9 8258.1 9248.5 9851.4 10219.7 -2677.3 -4442.4 -1756.7 3527.4 -1880.4 -1797.9 -2384.9 -4424.4 6153.5 5319.4 -5299.9 -6752.2 612.5 -6546.2 694.9 -5876.7 6442.3 -427.9 5525.6 -6711.0 -6505.0 5360.6 -1303.4 3609.9 4526.5 6401.0 5566.9 8440.5 8399.2 3568.6 -8585.7 3280.0 4196.6 2239.6 -304.2 -4465.6 -2838.2 -510.3 5401.9 5649.4 -1715.5 2280.9 -7586.5 -4589.2 3486.2 -2426.1 -4300.8 -4712.8 9439.6 -4836.4 7276.3 4155.3 6236.0 -4754.0 2157.2 -8544.5 530.0 -3713.7 -716.4 -2797.0 3197.5 -3301.7 -3507.7 -3342.9 5443.1 -757.6 -1509.4 -4671.6 653.7 1281.8 -3837.3 -3796.1 3156.2 -7504.2 9398.3 4402.8 -7545.4 -2879.4 -1344.6 5154.4 -4342.0 -3590.1 5608.1 -6669.8 4361.5 3321.2 5484.4 -5588.3 -551.5 2569.5 571.3 -5753.1 -3548.9 -386.7 -4630.4 3444.9 -6587.4 1240.5 3403.7 -4795.2 -2467.4 4609.0 -2714.6 241.4 5278.1 -5711.9 2445.8 4320.3 -3631.3 -3878.5 3362.4 -3672.5 -675.2 4485.3 2322.1 4567.8 282.7 -4877.6 -3425.3 -3754.9 -6628.6 488.8 2487.0 2528.3 4279.0 1570.4 447.6 -345.4 1529.1 -2755.8 4444.0 -1550.7 -5629.5 -2591.0 6277.2 1487.9 -1591.9 2363.3 -3466.5 2404.6 -5670.7 -2549.8 1323.0 323.9 -2508.6 -1633.1 1446.7 406.3 -592.8 -2632.2 1405.5 -1674.3 1364.2 365.1 -2673.4 -634.0 -4918.8 -3919.7 -3960.9 -1068 -2079 -2083 -2072 -2654 -2654 -2654 -3268 -3268 -5188 -5258 6732 5097 5092 5097 5092 5107 5087 5077 5097 5087 5072 -1018 -5879 -5918 -5873 -5984 -5868 -5812 -5823 -5828 -5930 -5950 -5959 -5844 -1028 -1018 -1078 -1148 -1088 -1088 -1038 -1078 -1118 -1008 -1108 -1028 -1108 -1078 -1088 -1108 -1108 -1128 -1118 -1098 -1058 -1118 -1038 -1138 -1982 -1987 4532 1752 1932 -67 3032 6532 6539 -2668 -1718 6732 6397 -2013 -2056 -2075 -2074 5112 -2318 -1668

hq 0.2 0.2 0.2 0.2 0.2 0.2 0.2 0.2 0.2 0.2 0.2 0.2 0.2 0.2 0.2 0.2 0.2 0.2 0.2 0.2 0.2 0.2 0.2 0.2 0.2 0.2 0.2 0.2 0.2 0.2 0.2 0.2 0.2 0.2 0.2 0.2 0.2 0.2 0.2 0.2 0.2 0.2 0.2 0.2 0.2 0.2 0.2 0.2 0.2 0.2 0.2 0.2 0.2 0.2 0.2 0.2 0.2 0.2 0.2 0.2 0.2 0.2 0.2 0.2 0.2 0.2 0.2 0.2 0.2 0.2 0.2 0.2 0.2 0.2 0.2 62 15 41 18 38 21 41 40 15 41 32 15 0.5 0.5 0.5 0.5 0.5 0.5 0.5 0.5 0.5 0.5 0.5 0.5 0.5 0.5 0.5 0.5 0.5 0.5 0.5 0.5 0.5 0.5 0.5 0.5 0.5 0.5 0.5 0.5 0.5 0.5 0.5 0.5 0.5 1 1 1 1 1 1 1 1 1 1 1 1 1 1 1 1 1 1 1 1 1 1 1 1 1 1 1 1 1 1 1 7 7 7 7 7 7 7 7 7 7 7 7 7 7 7 7 7 7 7 7 7 7 7 7 7 7 7 7 7 7 7 7 7 7 7 7 7 7 7 7 7 7 7 7 7 7 7 7 7 7 7 7 7 7 7 7 7 7 7 7 7 7 7 7 7 7 7 7 7 7 7 7 7 7 7 7 7 7 7 7 7 7 7 7 7 7 7 7 7 7 7 7 7 7 7 7 7 7 7 7 7 7 7 7 7 7 7 7 7 7 7 7 7 7 7 7 7 7 7 7 7 7 7 7 7 7 7 7 7 7 7 7 7 7 7 7 7 7 7 7 7 7 7 7 7 7 7 7 7 7 7 7 7 7 7 7 7 15 16 20 18 17 17 17 15 31 15 40 34 15 24 19 19 19 19 17 15 24 22 18 15 15 18 65 27 16 20 20 20 20 20 27 41 41 25 15 25 60 15 24 41 15 25 15 15 17 15 15 41 15 23 15 23 15 40 15 15 15 26 70 45 118 37 25 15 15 15 15 40 15 15 15 15 48 15 20

pm-2 ? ? ? ? ? ? ? ? ? ? ? ? ? ? ? ? ? ? ? ? ? ? ? ? ? ? ? ? ? ? ? ? ? ? ? ? ? ? ? ? ? ? ? ? ? ? ? ? ? ? ? ? ? ? ? ? ? ? ? ? ? ? ? ? ? ? ? ? ? ? ? ? ? ? ? ? ? ? ? ? ? ? ? ? ? ? ? ? ? ? ? ? ? ? ? ? ? ? ? 2.565E-002 5.212E-002 6.036E-002 6.957E-002 1.762E-002 4.555E-002 1.369E-002 1.668E-002 2.086E-002 2.106E-002 3.577E-002 1.181E-002 1.766E-002 2.045E-002 1.519E-002 1.997E-002 6.155E-002 3.248E-002 2.256E-002 6.220E-002 3.205E-002 4.633E-003 1.210E-003 3.216E-003 2.909E-003 1.344E-003 2.563E-003 1.244E-003 2.537E-003 1.728E-003 1.194E-003 2.362E-003 1.218E-003 1.601E-003 1.295E-003 1.065E-003 1.883E-003 3.679E-003 1.713E-003 4.209E-004 2.330E-003 3.427E-003 2.312E-003 2.245E-003 2.309E-003 4.711E-003 2.353E-003 2.339E-003 1.702E-003 1.118E-003 2.485E-003 4.673E-003 4.573E-007 6.476E-007 4.108E-007 1.265E-006 1.178E-006 3.480E-006 3.488E-006 1.783E-005 9.119E-006 2.896E-005 3.725E-005 2.314E-005 5.319E-005 6.484E-005 4.016E-005 4.667E-005 1.122E-004 7.532E-005 6.191E-005 1.462E-004 6.596E-005 1.406E-004 8.773E-005 1.188E-004 2.029E-004 2.267E-004 2.341E-004 1.602E-004 2.688E-004 1.665E-004 3.387E-004 3.488E-004 3.620E-004 4.320E-004 2.941E-004 5.453E-004 3.726E-004 3.470E-004 5.355E-004 1.100E-003 7.255E-004 7.938E-004 9.031E-004 6.006E-004 5.771E-004 8.594E-004 8.991E-004 9.131E-004 5.666E-004 1.095E-003 6.628E-004 8.957E-004 7.226E-004 1.204E-003 1.062E-003 1.278E-003 1.294E-003 1.303E-003 1.368E-003 1.391E-003 9.783E-004 1.450E-003 1.749E-003 1.552E-003 1.605E-003 1.631E-003 1.653E-003 2.367E-003 1.725E-003 1.777E-003 1.581E-003 1.123E-003 1.608E-003 1.907E-003 1.748E-003 1.204E-003 1.180E-003 1.965E-003 1.702E-003 2.121E-003 1.339E-003 1.665E-003 3.085E-003 2.320E-003 3.269E-003 2.326E-003 3.353E-003 2.495E-003 2.147E-003 2.477E-003 2.377E-003 1.886E-003 2.542E-003 2.720E-003 2.182E-003 2.868E-003 2.228E-003 2.709E-003 2.958E-003 3.024E-003 3.019E-003 3.117E-003 1.886E-003 3.162E-003 4.665E-003 4.851E-003 2.433E-003 3.457E-003 4.368E-003 2.287E-003 2.461E-003 4.500E-003 4.706E-003 3.033E-003 3.925E-003 3.650E-003 2.588E-003 3.721E-003 3.585E-003 4.701E-003 5.213E-003 4.893E-003 2.468E-003 4.255E-003 5.414E-003 3.950E-003 5.463E-003 4.210E-003 5.447E-003 6.280E-003 5.250E-003 4.585E-003 2.835E-003 6.250E-003 6.539E-003 6.670E-003 4.255E-003 6.801E-003 5.066E-003 4.549E-003 7.182E-003 7.416E-003 4.446E-003 3.382E-003 7.859E-003 7.939E-003 8.275E-003 3.535E-003 9.022E-003 4.229E-003 9.188E-003 9.243E-003 4.001E-003 6.455E-003 4.510E-004 1.929E-003 2.007E-004 3.882E-004 9.204E-004 4.974E-002 4.795E-006 2.010E-003 3.360E-004 3.360E-004 3.585E-003 1.549E-001 1.222E-005 5.653E-002 7.487E-002 7.180E-003 2.445E-003 1.280E-002 2.445E-003 2.445E-003 3.804E-002 4.890E-003 2.174E-002 2.445E-003 1.358E-002 1.199E-005 7.470E-005 1.641E-005 1.719E-003 3.283E-003 9.444E-004 1.536E-004 9.411E-005 1.998E-004 4.994E-004 1.625E-003 2.657E-003 2.651E-005 9.610E-003 7.152E-003 4.262E-003 3.908E-003 3.712E-003 3.615E-003 3.094E-003 1.617E-003 1.471E-003 6.996E-004 6.671E-004 6.458E-004 5.458E-004 4.852E-004 4.366E-004 2.156E-004 1.747E-004 1.598E-004 1.514E-004 1.281E-004 6.004E-005 5.458E-005 1.400E-005 2.021E-006 2.228E-004 2.332E-006 6.451E-005 1.554E-003 4.431E-004 7.579E-005 1.038E-011 7.343E-007 8.823E-007 4.708E-003 1.934E-003 9.012E-004 4.471E-003 6.953E-003 1.674E-002 7.689E-006 4.407E-005 4.594E-004 1.356E-007 5.897E-007

wq 156.4 145.7 154.2 11.5 0.1 16.6 4.5 104.1 98.0 153.4 97.9 115.3 8.7 35.8 14.8 10.6 2.1 45.1 50.4 102.0 72.9 48.1 93.3 7.9 147.9 169.1 53.7 75.9 84.0 66.1 131.4 42.2 1.7 98.5 16.4 2.0 166.3 152.4 151.5 139.8 170.4 175.0 102.6 107.5 65.1 59.9 159.7 95.0 1.8 143.4 6.9 6.8 40.8 114.7 164.5 118.2 16.1 17.7 105.6 149.0 172.4 175.2 154.3 89.6 56.5 9.2 36.1 33.7 30.1 31.0 31.7 28.8 33.7 31.0 29.9 0 0 0 0 0 0 0 0 0 0 0 0 40.6 39.6 42.0 42.2 40.2 39.0 42.8 39.5 50.9 39.8 28.8 4.6 23.8 8.1 59.9 136.7 19.6 102.4 168.5 146.6 168.2 47.9 62.7 15.9 112.2 35.0 134.7 80.5 105.3 48.8 87.6 172.2 18.4 112.7 134.7 125.7 122.6 85.9 105.9 92.4 83.5 78.8 111.3 25.3 3.5 142.3 27.1 5.2 151.2 138.0 136.9 169.4 4.2 4.9 6.9 1.6 177.6 164.7 166.8 165.8 146.8 138.9 18.4 17.6 357.6 357.6 357.6 357.6 357.6 357.6 357.6 357.6 357.6 357.6 357.6 357.6 357.6 357.6 357.6 357.6 357.6 357.6 357.6 357.6 357.6 357.6 357.6 357.6 357.6 357.6 357.6 357.6 357.6 357.6 357.6 357.6 357.6 357.6 357.6 357.6 357.6 357.6 357.6 357.6 357.6 357.6 357.6 357.6 357.6 357.6 357.6 357.6 357.6 357.6 357.6 357.6 357.6 357.6 357.6 357.6 357.6 357.6 357.6 357.6 357.6 357.6 357.6 357.6 357.6 357.6 357.6 357.6 357.6 357.6 357.6 357.6 357.6 357.6 357.6 357.6 357.6 357.6 357.6 357.6 357.6 357.6 357.6 357.6 357.6 357.6 357.6 357.6 357.6 357.6 357.6 357.6 357.6 357.6 357.6 357.6 357.6 357.6 357.6 357.6 357.6 357.6 357.6 357.6 357.6 357.6 357.6 357.6 357.6 357.6 357.6 357.6 357.6 357.6 357.6 357.6 357.6 357.6 357.6 357.6 357.6 357.6 357.6 357.6 357.6 357.6 357.6 357.6 357.6 357.6 357.6 357.6 357.6 357.6 357.6 357.6 357.6 357.6 357.6 357.6 357.6 357.6 357.6 357.6 357.6 357.6 357.6 357.6 357.6 357.6 357.6 357.6 357.6 357.6 357.6 357.6 357.6 0 0 0 0 0 0 0 0 0 0 0 0 0 0 0 0 0 0 0 0 0 0 0 0 0 0 0 0 0 0 0 0 0 0 0 0 0 0 0 0 0 0 0 0 0 0 0 0 0 0 0 0 0 0 0 0 0 0 0 0 0 0 0 0 0 0 0 0 0 0 0 0 0 0 0 0 0 0 0

bq 3346.6 4989.2 2212.5 4322.6 1906.8 3262.9 4867.0 3568.4 2002.1 2061.5 1629.9 1696.8 1123.3 1478.6 821.9 650.9 1657.2 1714.0 681.5 408.7 883.7 834.3 780.9 1785.6 554.7 426.2 2031.5 1179.0 1463.6 1125.2 1563.0 443.1 500.0 442.5 538.5 249.9 278.1 333.1 1139.9 796.2 473.9 252.1 1900.0 1471.1 849.8 1709.5 820.2 721.3 612.5 776.1 650.9 324.8 1307.4 1502.4 2344.4 1963.4 857.6 351.6 2034.9 7059.9 3178.6 6966.3 8822.4 4893.1 5318.1 4397.2 3632.1 3990.0 8589.9 3137.3 5136.5 2582.0 6940.7 4061.6 3331.7 0 0 0 0 0 0 0 0 0 0 0 0 17346.7 10712.9 4111.6 9210.4 1869.3 3590.2 1747.7 6101.2 2032.7 1318.6 12887.5 7129.0 3486.2 7083.4 8203.6 9455.8 2395.4 6191.0 1860.1 2267.5 2834.7 2861.8 4862.3 1605.2 2400.2 2780.2 2064.4 2714.5 8366.1 4414.6 3065.8 8454.5 4356.2 1841.3 486.9 1341.5 1152.0 534.1 1139.1 384.0 1002.5 694.7 438.8 874.9 483.8 635.8 556.6 426.8 763.3 1568.2 684.5 168.2 1006.6 1008.1 1013.0 1002.3 999.9 1025.9 1017.9 1021.7 720.9 489.0 1069.3 1851.6 1000 1000 1000 1000 1000 1000 1000 1000 1000 1000 1000 1000 1000 1000 1000 1000 1000 1000 1000 1000 1000 1000 1000 1000 1000 1000 1000 1000 1000 1000 1000 1000 1000 1000 1000 1000 1000 1000 1000 1000 1000 1000 1000 1000 1000 1000 1000 1000 1000 1000 1000 1000 1000 1000 1000 1000 1000 1000 1000 1000 1000 1000 1000 1000 1000 1000 1000 1000 1000 1000 1000 1000 1000 1000 1000 1000 1000 1000 1000 1000 1000 1000 1000 1000 1000 1000 1000 1000 1000 1000 1000 1000 1000 1000 1000 1000 1000 1000 1000 1000 1000 1000 1000 1000 1000 1000 1000 1000 1000 1000 1000 1000 1000 1000 1000 1000 1000 1000 1000 1000 1000 1000 1000 1000 1000 1000 1000 1000 1000 1000 1000 1000 1000 1000 1000 1000 1000 1000 1000 1000 1000 1000 1000 1000 1000 1000 1000 1000 1000 1000 1000 1000 1000 1000 1000 1000 1000 0 0 0 0 0 0 0 0 0 0 0 0 0 0 0 0 0 0 0 0 0 0 0 0 0 0 0 0 0 0 0 0 0 0 0 0 0 0 0 0 0 0 0 0 0 0 0 0 0 0 0 0 0 0 0 0 0 0 0 0 0 0 0 0 0 0 0 0 0 0 0 0 0 0 0 0 0 0 0

aq 0 0 0 0 0 0 0 0 0 0 0 0 0 0 0 0 0 0 0 0 0 0 0 0 0 0 0 0 0 0 0 0 0 0 0 0 0 0 0 0 0 0 0 0 0 0 0 0 0 0 0 0 0 0 0 0 0 0 0 0 0 0 0 0 0 0 0 9763.7 3936.7 7488.7 7352.6 6658.4 4441.3 4451.8 14302.9 0 0 0 0 0 0 0 0 0 0 0 0 8100.8 7713.7 6189.4 2474.1 4503.3 1240.8 1574.4 653.8 1259.4 1311.3 9310.8 5568.7 0 0 0 0 0 0 0 0 0 0 0 0 0 0 0 0 0 0 0 0 0 0 0 0 0 0 0 0 0 0 0 0 0 0 0 0 0 0 0 0 0 0 0 0 0 0 0 0 0 0 0 0 1000 1000 1000 1000 1000 1000 1000 1000 1000 1000 1000 1000 1000 1000 1000 1000 1000 1000 1000 1000 1000 1000 1000 1000 1000 1000 1000 1000 1000 1000 1000 1000 1000 1000 1000 1000 1000 1000 1000 1000 1000 1000 1000 1000 1000 1000 1000 1000 1000 1000 1000 1000 1000 1000 1000 1000 1000 1000 1000 1000 1000 1000 1000 1000 1000 1000 1000 1000 1000 1000 1000 1000 1000 1000 1000 1000 1000 1000 1000 1000 1000 1000 1000 1000 1000 1000 1000 1000 1000 1000 1000 1000 1000 1000 1000 1000 1000 1000 1000 1000 1000 1000 1000 1000 1000 1000 1000 1000 1000 1000 1000 1000 1000 1000 1000 1000 1000 1000 1000 1000 1000 1000 1000 1000 1000 1000 1000 1000 1000 1000 1000 1000 1000 1000 1000 1000 1000 1000 1000 1000 1000 1000 1000 1000 1000 1000 1000 1000 1000 1000 1000 1000 1000 1000 1000 1000 1000 0 0 0 0 0 0 0 0 0 0 0 0 0 0 0 0 0 0 0 0 0 0 0 0 0 0 0 0 0 0 0 0 0 0 0 0 0 0 0 0 0 0 0 0 0 0 0 0 0 0 0 0 0 0 0 0 0 0 0 0 0 0 0 0 0 0 0 0 0 0 0 0 0 0 0 0 0 0 0

cq 1 1 1 1 1 1 1 1 1 1 1 1 1 1 1 1 1 1 1 1 1 1 1 1 1 1 1 1 1 1 1 1 1 1 1 1 1 1 1 1 1 1 1 1 1 1 1 1 1 1 1 1 1 1 1 1 1 1 1 1 1 1 1 1 1 1 1 1 1 1 1 1 1 1 1 0 0 0 0 0 0 0 0 0 0 0 0 12 12 12 12 12 12 12 12 12 12 12 12 2 2 2 2 2 2 2 2 2 2 2 2 2 2 2 2 2 2 2 2 2 1 1 1 1 1 1 1 1 1 1 1 1 1 1 1 1 1 1 1 1 1 1 1 1 1 1 1 1 1 1 1 15 15 15 15 15 15 15 15 15 15 15 15 15 15 15 15 15 15 15 15 15 15 15 15 15 15 15 15 15 15 15 15 15 15 15 15 15 15 15 15 15 15 15 15 15 15 15 15 15 15 15 15 15 15 15 15 15 15 15 15 15 15 15 15 15 15 15 15 15 15 15 15 15 15 15 15 15 15 15 15 15 15 15 15 15 15 15 15 15 15 15 15 15 15 15 15 15 15 15 15 15 15 15 15 15 15 15 15 15 15 15 15 15 15 15 15 15 15 15 15 15 15 15 15 15 15 15 15 15 15 15 15 15 15 15 15 15 15 15 15 15 15 15 15 15 15 15 15 15 15 15 15 15 15 15 15 15 0 0 0 0 0 0 0 0 0 0 0 0 0 0 0 0 0 0 0 0 0 0 0 0 0 0 0 0 0 0 0 0 0 0 0 0 0 0 0 0 0 0 0 0 0 0 0 0 0 0 0 0 0 0 0 0 0 0 0 0 0 0 0 0 0 0 0 0 0 0 0 0 0 0 0 0 0 0 0